225,인천,70902
229,인천,71678
231,인천,72100
235,인천,72940
237,인천,73555
969,광운대,73808
241,인천,74723
243,인천,75249
245,인천,75855
247,인천,76434
251,인천,77714
971,광운대,78043
253,인천,78504
973,광운대,78802
257,인천,79756
259,인천,80360
261,인천,80945
263,인천,81813
843,구로,82983
977,광운대,83655
985,광운대,84797
981,광운대,85517
989,광운대,86655
19,인천,18479
23,인천,19205
29,인천,20429
33,인천,21431
37,인천,22224
43,인천,23395
47,인천,24193
49,인천,24532
51,인천,24920
53,인천,25442
55,인천,26237
57,인천,26662
59,인천,27079
61,구로,27391
63,인천,27795
801,구로,28700
65,인천,28955
67,인천,29343
803,구로,29665
71,인천,30451
805,구로,30738
73,인천,31109
809,구로,31425
75,인천,31696
77,인천,32085
951,광운대,32724
81,구로,33015
813,구로,33711
85,인천,34164
87,인천,34758
955,광운대,35112
91,인천,35987
93,인천,36550
817,구로,37024
97,인천,37878
99,인천,38427
101,인천,39077
103,인천,39615
107,인천,40810
109,인천,41380
115,인천,43135
119,인천,44407
819,구로,44906
125,인천,46269
127,인천,46766
131,인천,48026
133,인천,48604
137,인천,49806
141,인천,50994
147,인천,52214
151,인천,53370
153,인천,54006
161,인천,55818
165,인천,56964
169,인천,57545
175,인천,59367
185,인천,61364
189,인천,62409
191,인천,62830
195,인천,63901
197,인천,64332
201,인천,65229
205,인천,66144
207,인천,66584
211,인천,67497
213,인천,67929
215,인천,68405
219,인천,69244
221,인천,69844
223,인천,70303
253,부평,80003
0989,광운대,231
